# Created by Octave 5.1.0, Tue Oct 29 14:45:47 2019 GMT <unknown@DESKTOP-55NBB1N>
# name: vv
# type: matrix
# rows: 5
# columns: 10
 0.021620497521438287 0.99955503622868325 0.49373016008316722 0.91325823571659859 0.60528757694495372 0.011993185741047175 0.68871243238488145 0.20882610070232382 0.15057598465509076 0.96129434674275782
 0.085649152883049792 0.67701077017068589 0.80399907574313267 0.53144744435688773 0.04366778391259056 0.35690449690256326 0.38112686652516253 0.5082191732803355 0.27409352250741353 0.83184305321210361
 0.13413612250701029 0.78458065675047217 0.32812756487216882 0.099073165458855292 0.29774044744469669 0.15364927183759275 0.051430339598643557 0.89084305676367026 0.64758727501478497 0.36071665324248608
 0.78757626358206623 0.8203640868966583 0.010499288022512366 0.59608906132768369 0.27758258657063367 0.36248902126720522 0.35872196559492425 0.57284593517342441 0.70423218436969548 0.32775591873506632
 0.6829010661580831 0.34504318397638295 0.55638526540513833 0.80228839059090562 0.81379129098081593 0.042434747366393452 0.80184264542051276 0.18800903356338555 0.09819436560773713 0.28640243873879406


