# Created by Octave 5.1.0, Tue Oct 29 14:43:54 2019 GMT <unknown@DESKTOP-55NBB1N>
# name: v
# type: matrix
# rows: 1
# columns: 5
 0.089370152702320224 0.020384037053431659 0.36201350171505758 0.51006389790142359 0.68468569534058876


